2024878941
2024878956
2024878978
2024879021
2024879023
2024879032
2024879038
2024879039
2024879043
2024879048
2024879052
2024879057
2024879058
2024879060
2024879063
2024879064
2024879065
2024879067
2024879069
2024879073
2024879074
2024879076
2024879078
2024879083
2024879088
2024879104
2024879106
2024879110
2024879112
2024879134
2024879149
2024879172
2024879174
2024879176
2024879201
2024879234
2024879246
2024879252
2024879254
2024879261
2024879263
2024879269
2024879271
2024879279
2024879300
2024879309
2024879313
2024879317
2024879319
2024879325
2024879327
2024879329
2024879338
2024879339
2024879340
2024879344
2024879348
2024879349
2024879351
2024879358
2024879360
2024879363
2024879367
2024879374
2024879375
2024879376
2024879383
2024879384
2024879385
2024879394
2024879395
2024879401
2024879403
2024879406
2024879408
2024879409
2024879410
2024879414
2024879419
2024879423
2024879425
2024879427
2024879437
2024879447
2024879455
2024879456
2024879462
2024879464
2024879466
2024879469
2024879475
2024879499
2024879500
2024879505
2024879507
2024879508
2024879510
2024879513
2024879520
2024879521
2024879523
2024879524
2024879528
2024879560
2024879570
2024879574
2024879581
2024879583
2024879585
2024879606
2024879617
2024879619
2024879631
2024879633
2024879635
2024879637
2024879643
2024879647
2024879649
2024879651
2024879653
2024879657
2024879665
2024879676
2024879725
2024879727
2024879730
2024879734
2024879736
2024879740
2024879744
2024879746
2024879750
2024879752
2024879754
2024879755
2024879759
2024879761
2024879767
2024879769
2024879771
2024879774
2024879778
2024879782
2024879784
2024879786
2024879788
2024879792
2024879801
2024879805
2024879807
2024879809
2024879811
2024879817
2024879819
2024879821
2024879825
2024879827
2024879829
2024879831
2024879835
2024879842
2024879843
2024879846
2024879848
2024879854
2024879856
2024879858
2024879863
2024879873
2024879875
2024879881
2024879888
2024879890
2024879914
2024879916
2024879918
2024879922
2024879929
2024879957
2024879966
2024879968
2024879978
2024879980
2024879989
2024879994
2024880001
2024880005
2024880007
2024880015
2024880019
2024880035
2024880037
2024880039
2024880047
2024880051
2024880060
2024880064
2024880079
2024880085
2024880105
2024880107
2024880109
2024880114
2024880117
2024880119
2024880123
2024880133
2024880137
2024880139
2024880146
2024880152
2024880169
2024880206
2024880210
2024880212
2024880216
2024880218
2024880234
2024880235
2024880242
2024880244
2024880250
2024880252
2024880254
2024880264
2024880282
2024880294
2024880302
2024880304
2024880312
2024880318
2024880329
2024880330
2024880341
2024880371
2024880373
2024880389
2024880393
2024880415
2024880416
2024880417
2024880450
2024880481
2024880498
2024880504
29515665
29515688
29515693
29515705
29515708
29515711
29515722
3081361682
3081361686
3081361690
3155425761
3155425769
3155425774
3155425781
3272828323
3272828325
3333522659
3333522663
3333522667
3333522672
3333522673
3333522677
3333522680
3333522681
3333522684
3333522685
3333522688
3333522689
3333528595
3333528602
3742406490
3742406521
3742406899
3742406913
3742406920
3742406921
3742406922
3742407367
3742407409
3742407456
3742407666
3742407678
3742407680
3742407705
3742407766
3742407798
3742407808
3742407813
3742407928
3742407938
3742407943
3742407973
3742407980
3742407984
3742407987
3742407992
3742407996
3742408001
3742408013
3742408014
3742408018
3742408038
3742408125
3742408127
3742408137
3742408141
3742408147
3742408150
3742408157
3742408159
3742408162
3742408167
3742408179
3742408207
3742408210
3742408333
3742408350
3992429274
3992429275
3992429281
3992429283
3992429284
3992429285
3992429289
3992429292
3992429294
3992429297
4001205912
4001205932
4001205942
4001205946
4001206728
4001206729
4001206730
4001207306
4001207307
4001207308
4001207309
4001207310
4001207311
4001207312
4001207314
4001207424
4001207425
4001207431
4001207432
4001207438
4001207439
4001207440
4001207441
4001207442
4001207443
4001209461
4001209462
4001209463
4001209464
4001209465
4001209467
4001210620
4001210804
4001210806
4001213430
4001213431
4001213435
4001213437
4001213441
4001213443
4001213444
4001213445
4001213446
4001213448
4001214505
4001214510
4011370218
4017784421
4017784425
4017784427
4017784428
4017784432
4017784436
4017784440
4017784444
4017784448
4017784452
4017784456
4017784460
4088504255
4088504257
4088515595
4088520007
4088520009
4312326168
4312326171
4312326172
4312326177
4312326178
4312326179
4312326180
4312326181
4312326182
4312326183
4312326184
4312326185
4312326186
4312326187
4312326190
4312326191
4373225800
4373228356
4373228361
4373228366
4373228371
4373228374
4373228375
4373229343
4373232169
4569478739
4569478740
4569478741
4569478743
4569478745
4569478746
4569478748
4569478751
4569478753
4569478754
4569478755
4569478756
4569478757
4569478758
4569478759
4569478760
4569478761
4569478763
4569478764
4569478765
4569478767
4569478768
4569478770
4569478771
4569478776
4569478783
4569480290
4569480291
4569480294
4569480295
4569480297
4569480298
4569480310
4584949144
4584949145
4584949148
4584949152
4584949156
4584949157
4584949159
4584949160
4584949174
4584949175
4584949176
4584949178
4584949183
4584949290
4584949291
4584949292
4584949293
4584949294
4584949295
4584949296
4584949297
4584949298
4584949299
4584949300
4584949305
4584949306
4584949307
4584949308
4584949309
4584949315
4584949316
4584949317
4584949320
4584949321
4584949322
4584949323
4584949326
4584949327
4584949328
4584949329
4584949330
4584949331
4584949334
4584949335
4584949336
4584949337
4584949339
4584949340
4584949342
4584949343
4584949344
4584949345
4584949346
4584949347
4584949349
4584949351
4584949352
4584949353
4584949354
4584949355
4584949359
4584949360
4584949361
4584949364
4584949365
4584949368
4584949371
4584949374
4584956922
4584956923
4584956924
4584956925
4584956926
4584956927
4584956931
4584956933
4584956934
4584956936
4584956939
4584956944
4584956946
4584956947
4584956955
4584956956
4584956958
4584956959
4584956960
4584956962
4584956963
4584956965
4584956966
4584956967
4584956969
4584956971
4584956975
4584956976
4584956977
4584956982
4584956991
4584956994
4584973321
4584973323
4584973324
4584973327
4584973328
4584973329
4584973330
4584973336
4584973337
4584973339
4584973340
4584973341
4584973342
4584973343
4584973344
4584973352
4584973354
4584973355
4584973360
4585131131
467025164
467027497
4700078905
4700078920
4700082109
4810940798
4810940802
4810940806
4810940810
4810940814
4810940818
4810950722
4810950726
4810950730
4810950734
4810950738
5267936937
6284865744
6284865746
6284865747
6284865767
6284865771
6284865775
6284865781
6284865989
6284866003
6284866006
6284866010
6284866011
6284924233
6284924236
6284924237
6288471838
6288471840
6288471850
6288471858
6288471864
6288471868
6288471872
6288471876
6288471880
6576342805
6576342808
6576355359
6576355362
6576355363
6576370949
6576370952
6576370953
6576370958
6576370959
6989062387
803423900
803423924
803424060
803424093
803424150
8420201493
8420201494
8420201495
8420201496
8420201498
8420201499
8420201500
8420220914
8420241347
8420241348
8420241349
8420241350
8977384737
8977384770
8979447129
8979447136
8979447150
8980125472
8982649764
8982649765
8982649766
8982649767
8982649792
8982649793