29515665 29515688 1052.720401879435
29515688 29515693 195.79175857853357
29515688 3155425774 64.63054202733551
29515693 29515705 245.47807867454821
29515693 2024879414 236.22368821895435
29515705 29515708 50.01201049528606
29515708 29515711 71.6565018430816
29515708 2024879414 177.60609282744844
29515711 2024879574 169.28458390760136
29515711 4373228356 161.305405817162
2024879574 2024879744 140.9462184832883
2024879574 4088504255 79.4312001132826
2024879744 2024879788 48.01676740376088
2024879744 2024879755 56.67855504673076
2024879788 2024879831 47.109032444819704
2024879788 2024879807 53.17129876225199
2024879831 8982649766 59.78706792838614
2024879831 2024879881 87.90838770912171
8982649766 8982649764 83.99722777136658
8982649766 8982649767 67.796964351685
8982649764 29515722 114.10110438095055
8982649764 8982649765 43.49671487955088
29515722 8982649792 29.052824929488395
29515722 2024880212 18.359040798990776
8982649792 2024880304 87.95509465307228
8982649792 8982649793 16.799021317179385
2024880304 3155425761 322.87616493689035
2024880252 2024880234 169.4342221495731
2024880252 4584949354 82.48467087003115
2024880234 803423900 40.130789128056755
803423900 4584973330 46.90368905863431
4584973330 803424060 36.93529714441811
4584973330 4584973336 194.49526207785573
803424060 803423924 65.7376080936703
803423924 803424150 10.445414900652732
803423924 4584949365 11.584472677146197
803424150 803424093 40.949276463887145
803424150 2024880498 248.4074024375517
803424093 2024880304 29.72314450069245
803424093 8979447129 71.78813335334183
2024878941 2024878956 252.59176455161057
2024878941 4584973327 94.35641509737795
2024878956 8420201493 64.5236585481668
2024878956 4584973324 44.81484033513448
8420201493 2024878978 52.40502633848831
8420201493 8420201499 141.38009604612688
2024879966 2024880007 39.66196272091303
2024879966 2024879829 125.71092595597074
2024880007 2024880019 11.471104869938399
2024880019 2024879918 158.04787954430924
2024880019 2024880139 87.82102593813437
2024879918 2024879994 84.90728558672205
2024879918 4584956923 29.67623589409644
2024879994 2024880037 42.097684027948354
2024879395 2024879409 54.39018504028267
2024879395 2024879401 157.65424785967573
2024879409 2024879456 146.0169391160719
2024879409 3333528602 92.03742374555542
2024879456 2024879466 22.07966512874015
2024879456 3333528595 153.49549413184315
2024879456 4569478776 115.85765426999893
2024879466 2024879510 46.45226407137425
2024879510 2024879523 91.54656384023362
2024879510 2024879508 46.52873551294415
2024879752 2024879746 55.06661994654143
2024879752 2024879821 61.28863632053476
2024879746 2024879740 70.62928891897602
2024879746 2024879805 57.86714995484813
2024879740 2024879725 91.02857826157657
2024879740 2024879651 47.99869344458907
2024879725 4584956969 43.98568414280425
2024879725 2024879643 43.99094387812847
4584956969 2024879528 142.8584471002762
2024879528 2024879643 90.3334378848649
2024880318 2024880389 59.1411924456153
2024880318 4584949349 53.851691579001674
2024880389 2024880417 68.13506165786822
2024880417 2024880330 199.93290372022378
2024880417 2024880371 42.55871117094519
2024880330 4584956922 13.503121879343754
2024880035 2024880109 96.2726950163669
2024880035 4001207441 22.87526350052888
2024880109 4001210804 23.757566017248305
4001210804 2024880114 38.99194795337348
4001210804 4001207308 53.530785812310675
2024880114 4001214505 85.54400534371095
2024880114 2024879957 113.4732881026928
4001214505 2024880137 62.72122510200337
4001214505 4001214510 148.66671874534066
2024880137 4584949294 49.19050769043557
4584949294 2024880119 36.348636652969006
2024880119 2024880123 59.66116606864344
2024880119 3333522688 75.42228928460295
2024880123 2024880133 35.69545687155886
2024880133 2024880064 11.985803668841177
2024880133 2024880210 55.174364263317955
2024880064 4584949175 60.532744646884034
2024880064 2024879922 140.57657473677315
4584949175 2024880107 19.34730175378643
4584949175 4584949176 53.159699816915776
2024880107 2024880105 67.93479452756048
2024880107 2024879989 96.3593379229294
2024880105 2024880015 59.60216292078073
2024879873 2024879854 25.700845772870796
2024879873 2024879825 51.134461923522906
2024879854 2024879842 58.14729833778602
2024879854 2024879819 52.49756640390094
2024879842 2024879801 62.18575153552399
2024879842 2024879784 53.6726986798336
2024879801 2024879792 19.304760641035614
2024879792 2024879740 59.65252017252645
2024879792 2024879771 92.49823349048414
2024879651 2024879475 149.19701278964573
2024879651 2024879657 64.80851474675113
2024879475 2024879469 21.659350955580145
2024880079 4584973337 68.31826485731324
2024880079 29515722 108.05311607420875
4584973337 2024880051 58.37681105854545
4584973337 4584973339 104.51146869592502
2024880051 2024880047 16.250491417950272
2024880047 2024880037 121.86943091310478
2024880047 4584973336 65.91495815688124
2024880037 2024880039 40.561992916337815
2024880039 2024879978 14.006783838558754
2024880039 4584949328 23.328918595522325
2024879978 4584949335 66.09837714677519
4584949335 2024880146 90.39859305515735
2024880146 2024880206 41.56698439118861
2024880206 2024880235 48.78534652197555
2024880235 2024880282 54.202936966600596
2024880235 2024880242 28.106789607382662
2024880282 2024880244 49.91853666565709
2024879843 3333522680 89.14934648682767
2024879843 2024879817 37.14530789885252
3333522680 2024879821 40.32866552955463
2024879821 2024879811 15.41334624658827
2024879821 3333522684 52.1755159934583
2024879811 2024879805 32.88763732293401
2024879811 2024879835 43.69806769998555
2024879805 2024879792 83.32672851992898
2024879805 2024879835 34.1075771411018
2024879771 4584956966 15.205855611288571
2024879771 2024879784 16.18019402678557
4584956966 2024879769 8.857905210662526
4584956966 4584956967 25.4148525406362
2024879769 2024879786 53.40862780740713
2024879786 2024879788 22.40266592588447
2024879786 2024879736 54.49348621531644
2024879809 2024880085 381.81991424122623
2024879809 2024879761 63.08373313925803
2024880085 2024880139 31.719413477729205
2024880085 2024879966 111.99640749856653
2024879523 2024879583 79.51954562024488
2024879583 2024879619 55.09450161374458
2024879583 2024879782 162.83503951634083
2024879619 2024879676 71.38841790795036
2024879619 3333522677 53.86640583588206
2024879676 2024879752 62.18825456723563
3333522684 2024879916 30.978305004065884
2024879916 2024880123 120.54788033724607
2024879916 2024879888 42.6902356732332
2024879469 2024879528 80.41247335893945
2024879469 2024879462 36.182597144442795
2024879643 2024879651 84.37494457420345
2024879657 2024879676 68.63430595187188
2024879657 2024879746 58.04447121845044
2024879058 2024879060 72.66546066700063
2024879058 3742407943 143.86894209293123
2024879060 2024879065 53.245665409491494
2024879060 2024879076 91.22883287673498
2024879065 2024879067 43.38081508268923
2024879067 2024879069 16.142172395424442
2024879069 2024879078 60.123759017758395
2024879078 2024879110 63.72242656541771
2024879078 2024879083 159.82563565665217
2024879110 2024879074 198.26324887170628
2024879110 2024879174 156.47673736699122
2024879074 2024879063 87.90489521542607
2024879507 2024879499 45.645430177398566
2024879507 4584949300 32.974309805179224
2024879499 2024879475 89.68104733645119
2024879462 2024879521 115.28358715041455
2024879462 4584956975 171.96855767416443
6288471858 6288471850 208.2011675465444
6288471850 4700082109 148.73204913612997
4700082109 2024879201 209.7248606515223
2024879201 6576342805 91.13251275503505
2024879201 4700078920 85.02353630139916
6576342805 4584949156 149.7121568036505
6576342805 4700078920 210.97764600023257
4584949156 2024879317 75.15275638721559
2024879317 4584949160 39.06967755301155
4584949160 2024879340 77.98782615670606
2024879340 4569480294 83.93446800562465
2024879340 2024879329 60.819888176604266
4569480294 4569480297 45.723069494085664
4569480297 2024879363 8.702591072348625
2024879363 2024879375 58.62683130544648
2024879375 2024879395 72.29612248659025
2024879375 2024879374 121.89390387540217
2024879104 2024879134 73.99263105430772
2024879104 4584956991 22.326401186967196
2024879134 2024879172 133.20338487695048
2024879134 2024879088 65.40340519227897
2024879172 2024879174 18.817215205092023
2024879174 2024879263 207.39163272888877
2024879263 2024879325 131.36232219134337
2024879263 2024879300 51.31519903386275
2024879263 3992429284 82.39921633772134
2024879325 2024879338 54.70587790342864
2024879325 3992429285 68.07570593426786
2024879338 2024879360 122.41590042498062
2024879338 2024879351 82.13794649324495
2024879360 2024879375 70.1220589131163
4017784421 4584949290 79.85614640292796
4017784421 4001210804 69.66545322560526
4584949290 3333522663 306.08680837301847
4584949290 4584949326 166.56859845932698
3333522663 4584949291 70.41098194174634
3333522663 3333522667 80.84720147359272
4584949291 4017784427 47.04731983822932
4017784427 2024880216 49.72438276031559
4017784427 4017784425 45.9596958204754
2024880216 2024880119 57.87744865529698
2024880216 4584949183 49.86274005536537
3333522688 2024879968 32.418128576719454
2024879968 3333522681 33.050343181000095
2024879968 2024879916 64.01242430532658
3333522681 2024879843 77.87610643882809
3333522681 3333522684 81.50507534845771
2024879376 2024879344 172.1430502709868
2024879376 2024879358 195.96609281171658
2024879344 2024879309 184.1874950918274
2024879344 2024879358 74.23441942150771
2024879309 2024879348 187.97681135320053
2024879309 2024879252 98.58680518891417
2024879348 2024879327 79.04639080140953
4700078920 4700078905 274.814265995868
4700078905 6576342808 570.3737861984545
4700078905 4700082109 470.4197272712411
6576342808 2024879149 83.20682091151437
6576342808 2024879149 284.70108784893426
2024879149 2024879176 129.0891652992667
2024879176 2024879234 60.78333756408717
2024879176 2024879271 131.4788496832891
2024879234 2024879254 68.24783239211284
2024879234 4584973329 129.61915485200518
2024879254 2024879319 149.71726039893883
2024879254 3992429289 125.22446137063353
2024879319 2024879338 62.032710476417726
2024879319 2024879339 61.815767231403015
2024879351 2024879374 110.41739976035012
3333528602 2024879507 111.04006748320201
4584949300 2024879657 96.4540844730909
4584949300 2024879676 96.44047271716872
2024879835 2024879888 42.18770075055223
2024879835 2024879856 59.75000864979663
2024879888 2024879980 48.43493816836739
2024879980 2024880133 89.41998302948377
2024879980 2024879856 74.79169609696869
2024880210 3333522672 149.697419232179
2024880210 4584949176 70.54082409697298
3333522672 2024880450 59.01214671221716
2024880450 4584949178 158.91743074772234
2024879261 3742408141 166.45712509196053
2024879261 3155425769 60.3656606155967
3742408141 2024879112 46.87419096937612
2024879112 4584956982 34.019840675861474
2024879727 2024879736 22.936364374306038
2024879727 2024879769 69.53503860276147
2024879736 4584956965 119.22950413017057
2024879252 2024879300 214.1528818577388
2024879252 2024879172 90.16455365055492
2024879300 2024879313 8.00672264084426
2024879408 2024879423 65.27740729300496
2024879408 2024879427 109.40035935362279
2024879408 4584949152 227.40810851868875
2024879423 2024879464 126.0811244418237
2024879279 2024879339 143.86654523216652
2024879279 2024879254 64.31935928891717
2024879339 2024879349 60.44674088560804
2024879401 4584956975 102.95727279532139
2024879401 2024879385 205.01271142527503
4584956975 2024879499 68.94681709360707
2024880005 4584973340 37.90533902206235
2024880005 2024880051 57.29351572327807
4584973340 4584973339 21.05021225593706
4584973340 2024879875 65.70177935401541
4584973339 4584973341 19.942906778765828
4584973339 2024879848 59.1573580711687
4584973341 2024879863 23.721245916804158
4584973341 4584973342 58.74270293681641
2024879863 2024879881 11.831953869520387
2024879665 2024879633 54.41409926251314
2024879665 2024879750 63.754589930578
2024879633 4584973344 62.863384570143396
2024880254 2024880252 35.75658750719995
2024880254 4584949355 60.78637449049267
2024880254 4584949342 24.229864338469408
4584949354 2024880264 112.73727513322838
2024880264 2024880294 37.710469646095035
2024880264 803423900 40.67825811887466
2024880264 4584949346 22.26686743448566
2024880294 4584949374 28.308210687970938
4584949374 4584949368 18.961455981601055
4584949368 2024880481 216.64855550429868
2024880481 4584949364 47.419696513107255
2024880481 2024880415 61.67876677152263
4584949364 2024880416 28.600952822764917
2024880218 2024880235 52.49537240674007
2024880218 2024880244 44.22024688767906
2024880242 2024880302 111.23060608026466
2024880242 4584949334 77.57615992962843
2024880302 2024880330 47.092913543141385
2024880302 2024880282 178.6513150215402
4584956922 2024880373 70.67785809968944
2024880373 2024880371 10.119105698884534
2024880373 2024880312 45.710751346599174
2024880371 2024880329 54.18878175704553
2024880329 4584949352 49.69989463300966
4584949352 2024880318 12.535539066129493
4584949349 4584949361 48.17183099368603
4584949361 2024880393 13.000529049002608
4584949361 4584949360 55.59799124252327
2024880393 2024880415 22.971214487904092
2024880393 4584949359 66.45874960854597
2024880415 2024880341 72.95765502204185
2024880341 2024880294 56.201427036248084
2024879367 4569480291 59.622948751330874
2024879367 2024879340 119.82116394291137
4569480291 2024879395 110.94613320745012
4569480291 4569480294 93.68189798018459
2024879755 2024879774 48.91207548504889
2024879755 2024879807 48.045273960978
2024879774 2024879827 46.85959154799112
4584973344 2024879755 28.579135595295963
4584973344 2024879750 49.865562623786495
2024879807 2024879827 50.463815907900425
2024879856 4584949296 39.90663257563065
2024879856 2024879922 59.924696425024
4584949296 2024879801 38.293362024395
4584949296 4584949297 60.19456711018506
2024879606 4569478745 46.8783648668793
2024879606 2024879617 52.001753753781884
4569478745 2024879419 141.63954545717536
2024879419 2024879423 14.058074383699013
2024879327 3155425781 40.75068901291002
2024879327 3155425774 29.092918285923325
3155425781 2024879261 31.751010787923754
2024879520 2024879619 68.43830624500873
2024879520 2024879507 50.22175030870852
2024879520 3333528602 105.78789868595878
3333522677 2024879817 116.93442819200543
3333522677 3333522680 135.8729791511802
2024879817 2024879782 48.67643192386883
2024879827 4088520009 19.055851060754332
2024879827 2024879863 60.703044878827555
3333528595 2024879583 47.69439531968017
3333528595 2024879520 52.445811593242354
2024879782 3272828323 86.47133865509177
2024879021 2024879032 85.4846209335663
2024879021 8420201500 51.59127699289299
2024879032 2024879043 81.26988872135558
2024879032 2024879060 135.20676683099964
2024879043 2024879065 111.52047575079753
2024879500 2024879617 94.10792598680456
2024879617 4584949309 47.268902402309095
2024879617 4584949306 45.79089953514747
4584949309 2024879754 57.85900797468419
4584949309 2024879730 115.31335100263192
2024879754 4584949321 38.834994452286864
4584949174 2024879246 275.3566039933942
4584949174 4569478757 30.79786965300959
2024879246 2024879201 124.21593510936
2024879088 2024879076 57.34753490434869
2024879088 2024879083 24.52937843087049
2024879076 2024879073 60.08227332258114
2024879073 3742407987 79.33524864032572
2024879581 2024879505 59.834332032338075
2024879505 2024879455 50.37971610207232
2024879455 4569480298 68.10410426644398
4569480298 2024879403 91.59736183087624
4569480298 2024879456 105.21491826639522
2024879403 2024879367 115.38657556947086
2024879403 4569478783 71.28088996116776
2024879329 2024879279 68.83782103287135
2024879329 2024879349 137.99259201997873
3992429289 3992429281 68.61700464465108
3992429289 3992429292 158.81123598921502
3992429281 3992429274 87.43819461050349
3992429281 3992429283 134.30560184614149
3992429274 2024879052 181.50620331717255
3992429274 3992429294 97.68138091168012
2024879052 2024879038 113.7187075938852
2024879052 2024879063 54.92688652090943
2024879038 2024879023 69.73881891971389
2024879038 2024879048 68.82711359101603
2024879023 2024879032 179.7553084589708
2024879023 2024879039 69.2060278872407
2024879349 2024879363 66.3159524814211
2024879349 2024879360 63.24947247483498
2024879039 2024879048 70.75830248800578
2024879039 2024879043 38.664973320081
2024879048 2024879057 56.015539340587466
2024879048 2024879069 147.14475484767684
2024879057 2024879064 57.362482239309536
2024879057 2024879078 147.10160419577815
2024879064 2024879110 147.3406665610532
2024879313 2024879351 148.9220335133845
2024879313 2024879344 75.4360137974103
2024879374 2024879376 82.96379615168874
2024879761 2024879778 9.45396355728068
2024879761 4584956933 15.316689556026956
2024879778 2024879890 118.28201948962769
2024879778 2024879858 96.58586320745769
2024879890 2024879914 14.617404663682489
2024879890 2024879858 83.20461281988665
2024879914 2024879929 10.954439532027026
2024880152 2024880218 39.90797479058967
3155425769 2024879269 63.008232810824396
2024880139 2024880206 53.88939288164794
2024879414 4373225800 54.58798427381844
2024879394 4584949174 69.47166020828746
4569478757 4569478759 48.414381312827835
4569478759 4569478740 54.87866279299223
4569478740 4569478743 53.058267241809794
4569478743 2024879408 115.10850126177615
2024879427 4584949144 27.193714985924796
2024879427 2024879464 62.91111265402379
4584949144 2024879455 58.19895673614444
4584949144 4584949145 126.94572594729507
2024879083 2024879067 80.92594860962393
4373225800 2024879447 27.041362056022706
2024879560 4584956963 77.71797732955457
2024879560 2024879647 107.27742775297851
2024879560 4584956958 129.32469878098863
4584956963 2024879734 63.00534160075111
2024879734 2024879767 65.38859184647669
2024879734 4584956959 41.10131060944068
2024879767 4088520007 53.13416831385641
2024879767 4584956926 28.60415561920038
4088520007 4088520009 41.333878472680595
4088520007 4584973343 87.89593169279455
4088520009 4584973342 21.76146091124688
2024879846 2024880001 95.7250758736476
2024879846 2024879843 47.13680272787096
2024880001 3333522685 32.61779589607153
2024880001 2024879968 83.98527633432954
3333522685 2024880137 44.39578410318398
3333522685 3333522688 92.17588443277889
2024879464 2024879631 145.2067483841978
2024879464 2024879505 94.91049155380614
2024879631 4584949305 48.14317665243648
4584973342 2024879848 20.31079841193024
4584973342 4584956926 79.95359793128723
2024879848 2024879875 25.09195347839293
2024879875 2024879914 51.36152913321193
2024879271 4584973329 63.97754053199999
2024879271 2024879317 63.430264608232854
4584973329 2024879329 63.02734193941572
4569478746 2024879606 29.998405400886114
4569478746 4569478748 63.42283410020873
4584949306 2024879631 34.16573198283558
4584949306 4584949307 81.80373411901937
4584949305 2024879653 14.33530930688269
4584949305 2024879570 71.05565792237228
2024879989 4584949298 40.38873293824366
2024879989 2024880015 47.17052056676918
4584949298 2024879854 40.77015397184222
4584949298 4584949299 35.89157593643687
2024879819 2024879825 15.45265723140454
2024879858 2024879918 28.20395559682539
2024879858 4584956925 24.70505435558772
4584956923 2024879978 44.45416712403923
4584956923 4584956924 40.37671653322644
2024879922 4584949297 39.02789067323789
2024879922 2024879989 60.48022871383586
4584949297 2024879842 38.361417992893855
4584949297 4584949298 59.231317238480244
2024879784 2024879769 24.740849450040837
2024879784 2024879819 55.63358816859222
6284865747 6288471838 194.59152318344965
6284865747 6288471840 74.08418055757998
6288471838 2024879246 180.0463549224108
2024879524 2024879727 133.64594792287616
2024879524 4584956965 64.10529643152647
2024879508 2024879585 70.7655272590616
2024879508 2024879466 152.0545832181329
2024879585 2024879581 30.171812137319
2024879106 2024879074 83.10671748490947
2024879106 3992429274 49.66199451350616
2024879063 2024879064 8.119181094412921
2024879929 2024880005 89.00020280184208
2024879929 2024879994 34.512021811547314
2024880312 4584949344 48.61893634473503
2024880312 4584956922 46.71318310798403
4584949344 2024880250 45.589749396799455
2024880250 4584949334 96.83828604161016
2024880250 2024880302 62.36664446535009
2024880250 4584949340 33.701221184890656
4584949334 2024880146 35.17383563287302
2024880015 4584949299 43.6024815883596
2024879649 4584973343 36.296051397784275
2024879649 2024879665 8.702917798860975
4584973343 2024879767 52.369790379316434
4584956926 2024879914 97.0647626655609
4584956926 4584956927 82.19167852138743
2024879825 2024879831 17.130726084805126
2024879825 2024879786 45.726716966309446
2024879881 8982649767 57.254178096485155
2024879957 4001207424 11.899887545192412
2024879957 4001207308 78.64904406777184
4001207424 4001214510 44.8913116374411
4001207424 4001207425 18.55068867212248
4001214510 2024879846 35.81468158797656
4584973336 2024880234 71.85172028457902
4584949328 4584949336 35.11565513921325
4584949328 4584949329 32.06546682983847
4584949336 4584949345 43.31082761873095
4584949336 4584949337 22.4236785080864
4584949345 2024880254 53.175401151977624
4584949355 2024880329 40.985027012219305
2024879513 2024879560 47.06135619555383
2024879513 4584956962 73.04586618010865
2024879647 4584956956 80.20449718047861
2024879647 4584956958 42.37682936882139
2024879406 2024879419 85.57647404728321
2024879406 8420241347 24.08187269823102
4584956925 2024880007 145.02715479786087
4584956925 2024879829 45.09066865540761
8979447129 8979447136 165.37638117308637
8979447129 8979447136 189.43993159041383
8979447136 8979447150 215.82454660904983
2024879358 2024879384 115.82541797473893
3272828323 4001213444 71.57117122373647
3272828323 3272828325 107.53837623734947
4001213444 4001213446 60.26899151520089
4001213446 2024879585 20.143003182007952
2024879829 2024879809 33.200155235455426
4584956933 4584956927 26.128907941237642
4584956933 4584956934 20.61004835916655
4584956927 2024879734 21.219282381964135
4584956927 4584956947 81.7291515922592
4584956959 2024879637 45.7477698823546
4584956959 4584956960 66.73436318163921
2024879637 2024879649 13.61912703769555
2024879384 29515705 13.967790096526988
2024879384 2024879348 276.9787060714261
4373228356 4088504255 53.762724300885274
4373228356 4373228361 98.31217813467461
4088504255 2024879649 103.10050040168639
4088504255 4088504257 56.644960983618134
2024880169 4584949293 191.84476985981235
2024880169 2024880114 42.17623567597639
4584949293 2024880216 43.507348334637754
4584949293 4584949294 45.763751161067255
4584949183 2024880210 46.83996404743253
4584949176 2024880212 68.32395670663075
4584949176 4584949178 99.52161171890131
2024880212 2024880105 63.35305962572416
3155425774 3155425781 19.84807759103672
3155425774 3155425769 49.89706178010928
3272828325 2024879523 36.17617811456916
3272828325 4569480310 53.931414196620395
3333522667 3333522672 129.4228633651103
3333522667 4584949183 212.31815024415687
3742408018 3742408038 94.74615438176754
3742408018 3742407813 373.96058852897556
3742408038 3742406899 68.41648555707528
3742406899 3742408038 50.29307007617617
3742407409 3742407456 326.13188175644297
3742407409 3742407808 770.8694255905395
3742407456 3742407705 247.47488651178085
3742408179 4001205912 182.21807539640957
3742408179 4001205942 240.09679162209594
4001205912 3742408127 361.72716156433955
4001205912 4001205932 314.8575223278239
3742408127 3742408125 7.464491482009144
3742408127 3742407984 300.69733519879486
3742408125 3742408018 115.18870284223681
3742408125 3742408147 216.17079808761238
3742407813 3742407798 103.38890379150413
3742407813 3742407984 679.351794102763
3742407798 3742407808 24.757691769685614
3742407798 3742407973 200.51357906630295
3742407808 3742408001 292.7048083148851
3742406922 3742406921 51.83738358928795
3742406922 3742408137 83.01260801489687
3742406921 4584956994 4.714398384361762
3742408013 2024879073 57.09358148525786
3742408013 4584956977 88.23532092434361
3742408137 3742408141 80.18712706346739
3742408137 3742408159 139.87958309690578
3742408162 3742408157 106.37213659917761
3742408157 3742408159 16.234987566989016
3742407973 3742408147 416.527784986812
3742407973 3742407813 205.26031602700724
3742408147 4001205932 227.3889569454554
4001205932 3742408207 271.4164961682918
3742408207 3742408350 157.36051634741042
3742408167 3742408207 338.9906069235556
3742408167 3742408210 1202.9105970628598
3742408350 3742408333 254.6154826445923
3742408350 3742408179 517.7728672012433
3742407766 3742406913 648.6578137651373
3742406913 3742408014 68.91926533186727
3742407987 3742407980 46.43234155487367
3742407987 2024879058 8.72228930974169
3742407980 3742408001 49.75099058071507
3742407938 3742407943 84.57040942175942
3742407938 3742407980 141.29687641818145
3742407943 2024879021 6.9344073393850705
3742406521 3742407367 74.63457396705796
3742407367 3742407409 59.13151845501307
3742407367 3742407456 300.6581062925867
3742408001 3742408013 20.424697020735742
4584956977 3742406921 4.718772957944058
3742406490 3742407367 110.21241111780304
3742407705 8420201495 236.21262958705228
3742407705 3742407680 83.87110948348732
8420201495 8420201498 7.389882469325665
8420201495 8420201494 51.01460049855504
8420201498 3742407938 49.002713643580975
3742407984 3742406920 143.75599106512905
3742406920 4001205946 97.42629242555851
3742406920 3742408014 240.74757218512502
4001205946 4001205912 183.66904501937472
3742408150 3742408157 38.37086051032141
3742408159 2024879269 64.45114341616414
2024879269 3742408167 102.73888751300052
3742408014 3742407678 841.2855959017878
4001205942 3742406913 207.56135982669372
4001205942 4001205946 179.99424101168398
3742407680 3742407666 161.80205229172847
3742407680 3742407928 295.1290126126509
3742407928 8420201498 45.14403306382432
3742407996 3742406922 129.5720557269978
3992429284 2024879106 204.5034541508862
3992429284 3992429275 74.42599070744185
3992429275 3992429281 201.9055865415231
3992429275 3992429285 55.07819359496307
3992429283 3992429294 57.45855494939232
3992429285 3992429289 167.64147156430585
3992429292 3992429283 55.915919938044546
3992429294 3992429297 66.0967854661299
4001207425 4001213430 84.68920777809731
4001207425 4001207431 67.39960007691144
4001213430 4001213448 48.98330326910031
4001213430 4001207307 44.764222794692046
4001213448 3272828323 29.073715748177715
4001213448 4001213443 78.63252636622825
4001207431 4001207307 55.92669825081015
4001207432 4001207314 62.28439731798968
4001207432 4001207431 19.120196064087903
4001207314 4001213435 86.24289067012927
4001213435 4001206728 14.99746124862126
4001213435 4001213437 53.91194117933762
4001206728 2024879759 89.23057275952928
4001206728 4001207439 59.10034249983734
2024879759 4001209467 65.52548191285226
4001207438 4001207439 97.53105842166921
4001207438 4001207314 61.02191735654811
4001207439 4001207440 96.99660944596296
4001207439 4001207442 54.113202064042866
4001207441 4001207442 98.05814367502836
4001207441 4001210806 34.66097429964118
4001207442 4001207443 107.29534199842101
4001207442 4001207310 59.01298591857711
4001207306 4001207432 87.4854228297913
4001207306 4001210806 87.99152614010782
4001207307 4001213431 54.66862523372653
4001207308 4001207306 16.054838175163084
4001207309 4001207310 98.33026524105688
4001207309 2024880035 32.04078764138376
4001207310 4001207311 55.307338835755054
4001207310 4001206729 81.04823319251959
4001207311 4001207312 57.61434920826979
4001207311 4001206730 83.88413717127749
4584949323 4001207309 33.895887161441514
4584949323 2024880109 115.57112577773029
4001210806 4001207438 22.71014560861509
4001209461 4001209462 58.121800393910966
4001209462 4001209467 37.97943337968659
4001209463 4001209464 54.5058702078989
4001209464 4001209465 13.16101580641759
4001209464 6576370959 57.46469903463611
4001209465 4584949320 56.78678479398808
6576370959 4001209462 57.300984894074524
4001209467 2024879754 19.77613779487473
4584949321 4584949315 44.1468606663602
4584949315 4001210620 160.86153081550026
4584949315 4584949308 60.089290030884314
4001210620 4584949315 201.2168381619506
4001213431 4001213437 76.89531890734061
4001213431 4001213443 56.637547614036706
4001213437 2024879730 81.23054039004992
4001213437 4001213441 68.8240580224442
4001213441 2024879635 49.791625753847015
4001213443 4001213444 63.08088840455648
4001213443 4001213445 62.488257490762706
4001213445 4001213446 63.045177074299815
4001213445 4001213441 21.094032233034966
4017784425 4584949327 89.00129464988848
4017784425 4584949293 47.77534206377789
4584949327 4584949295 95.68077236133398
4584949295 4017784421 43.0464412539161
4584949295 2024880169 42.00761749769339
4584956965 2024879384 309.2599616125503
2024879521 2024879524 14.509966960533612
2024879521 4584956971 76.21004803040903
2024879447 2024879437 85.22925516791818
2024879447 4584973360 41.5157005671903
2024879437 4373229343 230.71560208557466
2024879437 4584973355 25.709473059290154
4373229343 4584956955 146.62682460090315
4373229343 4584973352 132.93734658634608
4584956955 4373232169 201.11754559187983
4373228361 4373225800 59.10501275138077
4373228366 4373228361 71.06532855121769
4373228371 4373228374 70.12800514006985
4373228371 2024879637 29.570368444122494
4373228374 4373228375 16.521546855776986
4373228374 4584973354 80.72356738363547
4373228375 4373225800 102.78739010456925
4373228375 4584973355 81.12191900502098
4584973352 2024879513 33.376188168173734
4584956962 4373228371 40.422335526100476
4584956962 4584956960 46.68258840746427
2024879750 2024879774 29.61724137082569
8982649767 8982649765 77.90123157124417
8982649765 2024880079 7.446901851620425
2024879425 4569478739 66.12622203568115
4569478739 8420241348 42.33034916276483
8420241348 4569478740 49.78943180453996
8420241348 8420241347 57.641101161908104
4569478741 2024879406 81.0306539952937
8420241347 4569478743 47.87803411591758
4569478748 4569478745 72.6608453102741
4569478748 4569478741 70.94535003314874
4569478748 2024879425 133.50408008804345
4569478751 4569478753 101.95645756960434
4569478754 4569478755 115.13896623744178
4569478754 6576370953 15.623510604933937
2024879410 4569478756 57.785333053498746
4569478756 4569478757 110.14707047931999
4569478756 4569478758 45.363371262385684
4569478758 4569478739 52.43813695369859
4569478758 4569478759 101.72197928056795
4569478760 4569478761 159.93290419455383
4569478761 2024879394 33.728774992108065
4569478763 4569478764 125.00999543626074
4569478765 4569478768 135.58573328138297
4569478765 4001210620 176.63981213857804
4569478768 8420241350 10.997026633907291
4569478768 6576370952 15.387646523571169
8420241350 4569478767 85.26059317714828
8420241350 8420241349 61.60591498027335
6576370952 4569478770 38.438528191645034
4569478770 4569478763 117.07055800772721
4569478771 4569478770 78.63397830868956
4569478776 4569480290 93.6217245718954
4569478776 4569480291 100.1564208260627
4569478783 4569478776 27.635771063223466
4569480295 4569480297 74.38316037591727
4569480310 4569480310 97.71277315772753
4584949145 4584949148 133.30577799177155
4584949145 2024879403 69.36744376859033
4584949148 4584949152 132.87435627716474
4584949148 4584949159 79.72370386248816
4584949152 4584949157 71.28226864500368
4584949157 4584949156 72.63478739577788
4584949157 4584949159 124.55654676436811
4584949159 4584949160 60.92266687844127
2024879383 8420241349 134.6826046491664
8420241349 4569478765 185.23642414149603
4584949178 8982649793 44.107821360111615
4584949326 4584949292 80.9153880068911
4584949326 4584949327 57.75805950200178
4584949292 4584949291 46.33927570195118
4584949292 4017784425 58.72497768150614
4584949299 2024879873 42.9970884343793
4584949308 4584949309 62.93304908969727
4584949316 4584949317 50.827339434077686
4584949317 4584949322 189.98578925880756
4584949317 4001209465 86.04098438059007
4584949322 4584949315 106.85728540513497
4584949322 4584949320 47.93606031678233
4584949320 6576370958 4.245270350234544
6576370958 4584949321 93.89264501634987
6576370958 6576370959 39.77061477807112
4584949329 4584949330 36.14219783086078
4584949330 4584949331 31.11135686299608
4584949330 4584949335 31.598064147371144
4584949331 4584949334 44.759115480482706
4584949331 4584949339 44.694621491393015
4584949337 4584949339 55.73102890716307
4584949337 4584949329 39.26419913394838
4584949339 4584949340 49.68219560239726
4584949340 4584949342 49.33463842355108
4584949340 4584949345 44.86012011405691
4584949342 4584949343 33.19794676305538
4584949342 4584949344 30.056140695053728
4584949346 4584949347 32.049820538648824
4584949346 4584949351 92.4515888991005
4584949347 2024880341 43.63063742793406
4584949347 4584949349 51.2559957110664
4584949351 4584949352 30.02830820753267
4584949351 4584949353 28.862510219257423
4584949353 4584949354 19.557116318437323
4584949353 4584949355 89.8900268278462
4584949359 4584949360 16.193144710593934
4584949359 4584949364 26.87305018139842
4584949360 2024880389 47.559958077425975
4584949365 4584949368 60.14886740438623
4584949365 4584949371 23.541563326219357
4584949371 803424060 38.51421276163448
4584949371 4584949374 59.33741754736946
4584956947 4584956931 22.925611598788613
4584956931 2024879647 42.18766291030205
4584956931 4584956944 18.302458680582433
4584956934 4584956936 58.010317539879146
4584956934 4584956946 32.494003541472715
4584956936 4584956939 68.78818734281623
4584956936 4585131131 58.1523772723874
4584956939 4584956955 134.8613650398091
4584956946 4584956944 68.90934520510919
4584956946 4584956947 45.80193563395975
4584956944 4584956939 53.28228335938006
4584956960 2024879560 68.76363174306202
4584956960 4584956963 36.97552212741375
4584956967 2024879725 34.8991236100619
4584956967 4584956969 65.44598688556225
4584956976 2024879073 58.98115564728817
4584956976 4584956977 4.71407759071645
8420201500 8420201496 116.265303324581
8420201496 2024878978 69.69478617626751
8420201496 8420201499 79.01630508312039
4584956994 4584956982 15.600492314991886
4584956994 2024879112 33.367081013824986
4584956982 4584956991 8.522489562202676
4584956982 2024879104 19.07809012186919
4584956991 4584956976 4.49787674643928
4584973324 4584973321 147.71301922454583
4584973324 4584973323 127.03216158960292
4584973321 4584973323 53.193302701514554
4584973321 8420220914 69.69720871779094
4584973323 2024878941 70.36460746168001
4584973328 2024879234 37.16656154312759
4584973355 4584973354 29.569011648888406
4584973354 4584973352 28.09037421910002
6576355363 6284865746 80.49631654582699
6284865746 6284865744 106.99172881646675
6284865746 6284865747 179.238554143954
6284865744 2024879394 168.07292455539596
6284865744 6288471838 178.39296573538408
6576355359 4569478761 103.70625558277429
6576355362 6576355363 143.12828161397073
6576370949 6576370952 79.18400184431931
6576370953 4569478751 123.22705731492859
2024880504 2024880450 178.90883475121586
8982649793 2024880212 26.06491826525023
8420201494 8420201500 66.68381492049873
8420201494 8420201499 115.5865928691766
8420220914 2024878941 52.71754258432788
